1 0.09427837837837838 0.13999519692603268 0.03735675675675676 0.02665225744476465
1 0.09472432432432433 0.2615946205571566 0.035575675675675676 0.026868395773294907
1 0.09598648648648649 0.31953890489913545 0.03459189189189189 0.02702209414024976
1 0.09598648648648649 0.3469020172910663 0.036113513513513516 0.027699327569644574
1 0.09579459459459459 0.4063496637848223 0.03573243243243243 0.027699327569644574
1 0.17885675675675675 0.40330931796349667 0.03687297297297298 0.025672430355427475
1 0.21725135135135137 0.3742603266090298 0.036113513513513516 0.025672430355427475
1 0.21744054054054054 0.40195965417867435 0.03573243243243243 0.025672430355427475
1 0.17847567567567568 0.31751200768491833 0.03687297297297298 0.025672430355427475
1 0.17961621621621623 0.46174831892411144 0.03687297297297298 0.023645533141210373
1 0.21705945945945945 0.4904562920268972 0.03497297297297298 0.028371757925072048
1 0.058351351351351353 0.40668587896253605 0.036113513513513516 0.025672430355427475
1 0.058921621621621616 0.4357348703170029 0.03573243243243243 0.02702209414024976
1 0.0593027027027027 0.46478386167146973 0.03573243243243243 0.025672430355427475
1 0.06044324324324324 0.4965369836695485 0.03573243243243243 0.02702209414024976
1 0.09693513513513514 0.49484630163304516 0.036494594594594594 0.02634486071085495
1 0.09921621621621622 0.820806916426513 0.03573243243243243 0.025672430355427475
1 0.061772972972972975 0.8214841498559078 0.035354054054054056 0.02431796349663785
1 0.09921621621621622 0.8505331412103746 0.036494594594594594 0.02702209414024976
1 0.09978648648648648 0.9386935638808838 0.036113513513513516 0.023645533141210373
1 0.0631027027027027 0.9907973102785783 0.03573243243243243 0.01840537944284342
1 0.06272432432432433 0.8512055715658021 0.03573243243243243 0.03107588856868396
1 0.06234324324324324 0.880254562920269 0.036494594594594594 0.025672430355427475
1 0.059872972972972976 0.9099807877041306 0.03155135135135135 0.022968299711815562
1 0.2182 0.13680115273775215 0.03421351351351352 0.027699327569644574
1 0.2182 0.19793948126801153 0.03117027027027027 0.03107588856868396
1 0.1798054054054054 0.5245725264169069 0.036494594594594594 0.027699327569644574
1 0.1798054054054054 0.5542987512007684 0.036494594594594594 0.023645533141210373
1 0.18056756756756756 0.6181364073006724 0.03345135135135135 0.022968299711815562
1 0.2187702702702703 0.6465129682997118 0.03687297297297298 0.02431796349663785
1 0.21895945945945947 0.674207492795389 0.03497297297297298 0.02702209414024976
1 0.21915135135135136 0.7312968299711815 0.035354054054054056 0.023645533141210373
1 0.18113783783783785 0.7039337175792507 0.035354054054054056 0.02431796349663785
1 0.18189729729729728 0.7616954851104707 0.036113513513513516 0.02634486071085495
1 0.21972162162162162 0.789731027857829 0.036494594594594594 0.025672430355427475
1 0.18208648648648648 0.7900672430355428 0.03497297297297298 0.02499519692603266
1 0.18246756756756757 0.8191162343900097 0.03497297297297298 0.02499519692603266
1 0.18246756756756757 0.8478290105667627 0.03497297297297298 0.028371757925072048
1 0.21972162162162162 0.8762007684918348 0.036494594594594594 0.02431796349663785
1 0.18322702702702703 0.9633477425552354 0.03573243243243243 0.02431796349663785
1 0.1834162162162162 0.989106628242075 0.03459189189189189 0.021786743515850145
1 0.5732513513513514 0.18442843419788665 0.03117027027027027 0.03378001921229587
1 0.5721108108108108 0.21820845341018252 0.03497297297297298 0.028371757925072048
1 0.5352378378378378 0.2736023054755043 0.03421351351351352 0.02431796349663785
1 0.29536756756756755 0.1574063400576369 0.03345135135135135 0.03242555235350625
1 0.29612972972972973 0.2094236311239193 0.031932432432432434 0.028371757925072048
1 0.29764864864864865 0.28576368876080693 0.03497297297297298 0.028371757925072048
1 0.29935945945945946 0.5218731988472622 0.036113513513513516 0.027699327569644574
1 0.3012621621621622 0.6441450528338136 0.03459189189189189 0.027699327569644574
1 0.3018324324324324 0.7002209414024976 0.03497297297297298 0.02499519692603266
1 0.3387054054054054 0.7573054755043228 0.036494594594594594 0.022968299711815562
1 0.3025918918918919 0.787026897214217 0.036494594594594594 0.025672430355427475
1 0.33908378378378373 0.7860134486071085 0.037254054054054055 0.027699327569644574
1 0.33908378378378373 0.8130355427473583 0.036494594594594594 0.02499519692603266
1 0.4213864864864865 0.7546013448607108 0.036113513513513516 0.02431796349663785
1 0.4578783783783784 0.7535878962536023 0.03687297297297298 0.02634486071085495
1 0.42176486486486486 0.7823006724303554 0.035354054054054056 0.029726224783861672
1 0.4574972972972973 0.7802737752161383 0.03763513513513513 0.028371757925072048
1 0.3392756756756757 0.84276176753122 0.03687297297297298 0.030398655139289146
1 0.3027810810810811 0.8728242074927954 0.035354054054054056 0.025672430355427475
1 0.3392756756756757 0.90052353506244 0.035354054054054056 0.02702209414024976
1 0.3392756756756757 0.9278818443804034 0.036113513513513516 0.027699327569644574
1 0.3027810810810811 0.9586215177713736 0.03687297297297298 0.028371757925072048
1 0.42214594594594596 0.8414121037463976 0.036113513513513516 0.02904899135446686
1 0.42233513513513515 0.8691114313160423 0.036494594594594594 0.030398655139289146
1 0.4576891891891892 0.8691114313160423 0.03573243243243243 0.02904899135446686
1 0.45844864864864865 0.8947790585975024 0.03573243243243243 0.02499519692603266
1 0.42176486486486486 0.927209414024976 0.03231081081081081 0.023645533141210373
1 0.41834324324324323 0.44924591738712777 0.035354054054054056 0.02702209414024976
1 0.5740108108108108 0.62388088376561 0.03497297297297298 0.02904899135446686
1 0.6574513513513514 0.7643996157540827 0.035354054054054056 0.027699327569644574
1 0.6928054054054055 0.5931412103746398 0.03763513513513513 0.028371757925072048
1 0.5388486486486487 0.6796157540826129 0.035354054054054056 0.029726224783861672
1 0.5390378378378379 0.7096781940441883 0.03573243243243243 0.030398655139289146
1 0.5388486486486487 0.7393996157540826 0.03687297297297298 0.030398655139289146
1 0.5394189189189189 0.7681123919308358 0.036494594594594594 0.02702209414024976
1 0.6542216216216216 0.32933717579250715 0.036494594594594594 0.030398655139289146
1 0.9410378378378379 0.1847646493756004 0.03231081081081081 0.02634486071085495
1 0.7714945945945947 0.21178674351585014 0.03687297297297298 0.02634486071085495
1 0.809508108108108 0.2698847262247839 0.035354054054054056 0.027699327569644574
1 0.809127027027027 0.35264169068203655 0.03763513513513513 0.025672430355427475
1 0.8100783783783784 0.41276657060518734 0.037254054054054055 0.025672430355427475
1 0.7739648648648649 0.4404658981748319 0.03497297297297298 0.02702209414024976
1 0.889527027027027 0.3232564841498559 0.036494594594594594 0.027699327569644574
1 0.8912378378378378 0.383045148895293 0.036113513513513516 0.028371757925072048
1 0.9429378378378378 0.38405859750240157 0.03231081081081081 0.027699327569644574
1 0.9425567567567568 0.41276657060518734 0.030791891891891895 0.029726224783861672
1 0.891427027027027 0.4397886647454371 0.03497297297297298 0.028371757925072048
1 0.6929945945945946 0.7086647454370798 0.037254054054054055 0.02702209414024976
1 0.6937567567567567 0.8211431316042267 0.03573243243243243 0.02904899135446686
1 0.6572621621621622 0.7934486071085495 0.03497297297297298 0.02634486071085495
1 0.7747243243243244 0.5630787704130643 0.03573243243243243 0.02904899135446686
1 0.8110297297297298 0.5921277617675312 0.03687297297297298 0.02904899135446686
1 0.8927594594594594 0.5603794428434198 0.03459189189189189 0.02634486071085495
1 0.9436972972972972 0.5340297790585975 0.03155135135135135 0.02634486071085495
1 0.9444567567567567 0.5620653218059558 0.03231081081081081 0.02702209414024976
1 0.9440783783783784 0.5894284341978867 0.03231081081081081 0.02904899135446686
1 0.8927594594594594 0.6188136407300672 0.035354054054054056 0.029726224783861672
1 0.7747243243243244 0.6505667627281461 0.03573243243243243 0.028371757925072048
1 0.8108378378378378 0.6492122958693565 0.037254054054054055 0.029726224783861672
1 0.774345945945946 0.6796157540826129 0.037254054054054055 0.029726224783861672
1 0.7747243243243244 0.7059606147934678 0.036494594594594594 0.03107588856868396
1 0.8114081081081082 0.6772478386167147 0.03687297297297298 0.02634486071085495
1 0.8116 0.7052833813640731 0.036494594594594594 0.029726224783861672
1 0.8127405405405405 0.7643996157540827 0.037254054054054055 0.02904899135446686
1 0.7752945945945946 0.7627089337175793 0.035354054054054056 0.02702209414024976
1 0.8121702702702703 0.7907444764649375 0.03839459459459459 0.02904899135446686
1 0.7758648648648648 0.8197934678194044 0.036494594594594594 0.027699327569644574
1 0.8127405405405405 0.8191162343900097 0.037254054054054055 0.02904899135446686
1 0.8956108108108108 0.8187800192122959 0.03497297297297298 0.028371757925072048
1 0.8946594594594593 0.7900672430355428 0.03687297297297298 0.02904899135446686
1 0.8944702702702703 0.761359269932757 0.036494594594594594 0.028371757925072048
1 0.8944702702702703 0.7323102785782901 0.036494594594594594 0.029726224783861672
1 0.8933297297297298 0.6492122958693565 0.03573243243243243 0.03107588856868396
1 0.8935189189189189 0.6758981748318924 0.035354054054054056 0.02229586935638809
1 0.945027027027027 0.6184774255523535 0.03269189189189189 0.02634486071085495
1 0.9446486486486486 0.6465129682997118 0.03269189189189189 0.028371757925072048
1 0.9442675675675676 0.6755619596541786 0.031932432432432434 0.029726224783861672
1 0.945027027027027 0.7052833813640731 0.03117027027027027 0.028371757925072048
1 0.945027027027027 0.7336599423631124 0.03117027027027027 0.028371757925072048
1 0.9454081081081082 0.7914217098943324 0.03269189189189189 0.02634486071085495
1 0.9454081081081082 0.8197934678194044 0.03269189189189189 0.02904899135446686
1 0.5399378378378379 0.8500192122958694 0.035354054054054056 0.023645533141210373
0 0.09409729729729731 0.16875120076849182 0.03695135135135135 0.029015369836695483
0 0.09366756756756757 0.19967339097022097 0.03695135135135135 0.02825168107588857
0 0.09366756756756757 0.22907300672430356 0.03952972972972973 0.029015369836695483
0 0.17358378378378378 0.1378242074927954 0.03695135135135135 0.026724303554274735
0 0.2174108108108108 0.16607588856868394 0.034372972972972975 0.025196926032660903
0 0.29475135135135133 0.10575408261287224 0.034372972972972975 0.02825168107588857
0 0.33363513513513515 0.12293467819404419 0.03394324324324324 0.03512487992315082
0 0.33449459459459463 0.17256964457252644 0.03222432432432432 0.033597502401536986
0 0.3357837837837838 0.22487031700288185 0.03308378378378378 0.0343611911623439
0 0.33384864864864866 0.2577041306436119 0.03523243243243244 0.02366954851104707
0 0.33449459459459463 0.28252161383285307 0.03652162162162162 0.029015369836695483
0 0.2971135135135135 0.25885206532180594 0.034802702702702706 0.02748799231508165
0 0.33470810810810814 0.3130643611911623 0.03523243243243244 0.02748799231508165
0 0.33513783783783785 0.3394092219020173 0.03523243243243244 0.025196926032660903
0 0.297972972972973 0.31611911623439 0.034802702702702706 0.02748799231508165
0 0.297972972972973 0.3420797310278578 0.03394324324324324 0.029015369836695483
0 0.17379999999999998 0.167223823246878 0.035662162162162156 0.029015369836695483
0 0.17444324324324326 0.19585494716618634 0.03523243243243244 0.03130643611911624
0 0.17788108108108108 0.2286887608069164 0.03695135135135135 0.025196926032660903
0 0.21461891891891893 0.2279250720461095 0.035662162162162156 0.02825168107588857
0 0.21633513513513514 0.25961575408261284 0.038240540540540546 0.029015369836695483
0 0.17895675675675676 0.2599951969260326 0.035662162162162156 0.03130643611911624
0 0.17959999999999998 0.28863112391930834 0.034372972972972975 0.02596061479346782
0 0.21655135135135134 0.2882468780019212 0.037810810810810815 0.029779058597502402
0 0.21655135135135134 0.31611911623439 0.03609189189189189 0.029015369836695483
0 0.21676486486486485 0.34513448607108554 0.03738108108108108 0.029015369836695483
0 0.17917027027027024 0.3458981748318924 0.03523243243243244 0.024433237271853984
0 0.18002972972972972 0.3737704130643612 0.03695135135135135 0.026724303554274735
0 0.05929459459459459 0.3783525456292027 0.03609189189189189 0.02366954851104707
0 0.09581621621621621 0.37873198847262246 0.03695135135135135 0.02596061479346782
0 0.18002972972972972 0.43294428434197885 0.03695135135135135 0.03054274735830932
0 0.21655135135135134 0.4337079731027858 0.03695135135135135 0.02596061479346782
0 0.21698108108108108 0.4604370797310279 0.03609189189189189 0.02748799231508165
0 0.09624594594594595 0.4356195965417868 0.03695135135135135 0.026724303554274735
0 0.09645945945945945 0.46234390009606147 0.03652162162162162 0.026724303554274735
0 0.18024324324324323 0.4921229586935638 0.03652162162162162 0.029779058597502402
0 0.21655135135135134 0.5219020172910662 0.03609189189189189 0.029779058597502402
0 0.29926216216216217 0.40049471661863595 0.03394324324324324 0.02825168107588857
0 0.2981864864864865 0.4310374639769452 0.03351351351351351 0.02825168107588857
0 0.33384864864864866 0.40202209414024975 0.034372972972972975 0.025196926032660903
0 0.33556756756756756 0.4295100864553314 0.03523243243243244 0.025196926032660903
0 0.33556756756756756 0.45623439000960614 0.03609189189189189 0.03130643611911624
0 0.4174189189189189 0.3607877041306436 0.03738108108108108 0.02825168107588857
0 0.4539405405405405 0.3894236311239193 0.035662162162162156 0.029015369836695483
0 0.5355783783783784 0.30199327569644574 0.035662162162162156 0.02366954851104707
0 0.5362216216216216 0.3298655139289145 0.03695135135135135 0.029015369836695483
0 0.33642702702702704 0.4883045148895293 0.03523243243243244 0.03283381364073007
0 0.33556756756756756 0.5199951969260327 0.03695135135135135 0.03054274735830932
0 0.33535405405405405 0.5482468780019213 0.038240540540540546 0.03054274735830932
0 0.33793243243243243 0.6154418828049951 0.03652162162162162 0.024433237271853984
0 0.3009810810810811 0.6165850144092219 0.03308378378378378 0.026724303554274735
0 0.29990540540540545 0.4592891450528338 0.03523243243243244 0.026724303554274735
0 0.2996918918918919 0.48983189241114317 0.034802702702702706 0.02825168107588857
0 0.09753513513513513 0.5226657060518732 0.03695135135135135 0.029779058597502402
0 0.06036756756756757 0.5260999039385206 0.03394324324324324 0.02748799231508165
0 0.09903783783783783 0.623073967339097 0.039099999999999996 0.02596061479346782
0 0.06122702702702702 0.6226945244956773 0.03738108108108108 0.02825168107588857
0 0.09925135135135135 0.792209414024976 0.03609189189189189 0.02825168107588857
0 0.061013513513513515 0.792209414024976 0.04038918918918919 0.029779058597502402
0 0.10011081081081082 0.8796349663784823 0.03695135135135135 0.02748799231508165
0 0.0998972972972973 0.9097982708933717 0.03738108108108108 0.02825168107588857
0 0.06315945945945946 0.9384341978866474 0.03523243243243244 0.02748799231508165
0 0.10097027027027027 0.9663016330451488 0.03952972972972973 0.02825168107588857
0 0.10097027027027027 0.9902161383285303 0.03952972972972973 0.01957252641690682
0 0.06272972972972973 0.9670653218059558 0.03523243243243244 0.029779058597502402
0 0.21955945945945946 0.8181700288184438 0.03523243243243244 0.026724303554274735
0 0.21912972972972972 0.8468011527377521 0.03695135135135135 0.03207012487992315
0 0.18196216216216216 0.8769644572526416 0.03738108108108108 0.02825168107588857
0 0.18217837837837836 0.9059798270893372 0.037810810810810815 0.029779058597502402
0 0.21977297297297296 0.9349951969260327 0.03738108108108108 0.02825168107588857
0 0.21977297297297296 0.9636311239193084 0.03738108108108108 0.03207012487992315
0 0.2199891891891892 0.9898318924111431 0.037810810810810815 0.020336215177713737
0 0.1823918918918919 0.9330883765609991 0.038240540540540546 0.029015369836695483
0 0.30291351351351353 0.9017819404418828 0.037810810810810815 0.02748799231508165
0 0.30205405405405406 0.9292699327569645 0.03867027027027027 0.02748799231508165
0 0.3394351351351352 0.9571373679154659 0.03609189189189189 0.029779058597502402
0 0.34029459459459455 0.9856340057636889 0.03609189189189189 0.028736791546589816
0 0.30312972972972974 0.9860134486071086 0.038240540540540546 0.027973102785782904
0 0.3024837837837838 0.8154947166186359 0.03609189189189189 0.02748799231508165
0 0.30162432432432434 0.8448943323727185 0.037810810810810815 0.03130643611911624
0 0.3394351351351352 0.8700912584053794 0.03609189189189189 0.026724303554274735
0 0.2187 0.7593756003842459 0.03695135135135135 0.02825168107588857
0 0.21827027027027027 0.7047790585975023 0.03695135135135135 0.02748799231508165
0 0.2171945945945946 0.6181123919308358 0.038240540540540546 0.026724303554274735
0 0.1811027027027027 0.6456003842459175 0.039099999999999996 0.029779058597502402
0 0.18088918918918917 0.675763688760807 0.03867027027027027 0.03054274735830932
0 0.29904594594594597 0.5516810758885686 0.03523243243243244 0.026724303554274735
0 0.338145945945946 0.6440730067243036 0.03523243243243244 0.026724303554274735
0 0.4195675675675676 0.6135302593659941 0.035662162162162156 0.025196926032660903
0 0.45544594594594595 0.6402545629202689 0.03609189189189189 0.02825168107588857
0 0.45587567567567566 0.6131508165225744 0.03609189189189189 0.022905859750240152
0 0.4197837837837838 0.6402545629202689 0.037810810810810815 0.02825168107588857
0 0.4195675675675676 0.6692699327569644 0.03738108108108108 0.029779058597502402
0 0.4563054054054054 0.6971421709894332 0.03609189189189189 0.02596061479346782
0 0.45608918918918917 0.7234870317002882 0.03652162162162162 0.026724303554274735
0 0.4197837837837838 0.7242507204610952 0.03609189189189189 0.025196926032660903
0 0.4199972972972973 0.6979058597502401 0.03652162162162162 0.02748799231508165
0 0.4563054054054054 0.6707973102785783 0.03609189189189189 0.026724303554274735
0 0.3392216216216216 0.6723246878001921 0.03652162162162162 0.026724303554274735
0 0.30184054054054055 0.6715609990393853 0.035662162162162156 0.025196926032660903
0 0.3385756756756757 0.6979058597502401 0.037810810810810815 0.02596061479346782
0 0.3392216216216216 0.7273054755043228 0.03652162162162162 0.03283381364073007
0 0.30291351351351353 0.7284486071085495 0.03609189189189189 0.03054274735830932
0 0.3024837837837838 0.7563208453410183 0.03609189189189189 0.029779058597502402
0 0.42257567567567567 0.899106628242075 0.034802702702702706 0.029779058597502402
0 0.4217162162162162 0.8109173871277617 0.03652162162162162 0.02596061479346782
0 0.45823783783783784 0.8391690682036503 0.03652162162162162 0.03054274735830932
0 0.45802162162162163 0.8116762728146014 0.03695135135135135 0.029015369836695483
0 0.4215 0.9556099903938521 0.0317945945945946 0.02825168107588857
0 0.4212864864864865 0.9848703170028819 0.031364864864864866 0.03025936599423631
0 0.09474054054054054 0.2890105667627282 0.034802702702702706 0.02825168107588857
0 0.8896216216216216 0.14927953890489915 0.03394324324324324 0.029779058597502402
0 0.8894054054054055 0.1779106628242075 0.03609189189189189 0.029015369836695483
0 0.889191891891892 0.2084534101825168 0.035662162162162156 0.03207012487992315
0 0.8896216216216216 0.23861671469740633 0.034802702702702706 0.02825168107588857
0 0.8900513513513514 0.2657252641690682 0.035662162162162156 0.02596061479346782
0 0.8894054054054055 0.2928290105667627 0.03695135135135135 0.02825168107588857
0 0.7736108108108108 0.15347742555235352 0.035662162162162156 0.029015369836695483
0 0.809272972972973 0.18211335254562921 0.035662162162162156 0.02825168107588857
0 0.8086297297297297 0.20998078770413064 0.03695135135135135 0.02748799231508165
0 0.8090594594594595 0.2370893371757925 0.037810810810810815 0.026724303554274735
0 0.8094891891891892 0.15157060518731988 0.03609189189189189 0.026724303554274735
0 0.7725378378378378 0.18134966378482228 0.037810810810810815 0.029779058597502402
0 0.6548081081081081 0.1530979827089337 0.03351351351351351 0.02825168107588857
0 0.688754054054054 0.18249279538904897 0.034372972972972975 0.03054274735830932
0 0.6881081081081081 0.1538616714697406 0.03222432432432432 0.02366954851104707
0 0.6543783783783783 0.18211335254562921 0.03523243243243244 0.03283381364073007
0 0.6541648648648648 0.21265609990393852 0.034802702702702706 0.02825168107588857
0 0.6893972972972973 0.24167146974063403 0.035662162162162156 0.029779058597502402
0 0.6900405405405405 0.21341978866474542 0.03609189189189189 0.02825168107588857
0 0.6543783783783783 0.24128722382324688 0.03695135135135135 0.03054274735830932
0 0.6543783783783783 0.27068683957732953 0.03695135135135135 0.02825168107588857
0 0.6900405405405405 0.2703073967339097 0.034372972972972975 0.029015369836695483
0 0.6906864864864865 0.2974111431316042 0.03222432432432432 0.029779058597502402
0 0.6552378378378378 0.2989385206532181 0.037810810810810815 0.026724303554274735
0 0.6904702702702702 0.32413544668587896 0.034372972972972975 0.0343611911623439
0 0.5723135135135134 0.1332420749279539 0.032654054054054055 0.03588856868395773
0 0.5336432432432432 0.11797310278578291 0.03351351351351351 0.0343611911623439
0 0.5345027027027027 0.17027857829010565 0.03351351351351351 0.033597502401536986
0 0.5366513513513513 0.2157108549471662 0.034372972972972975 0.03130643611911624
0 0.5357918918918919 0.24319884726224783 0.03523243243243244 0.02214217098943324
0 0.5697351351351352 0.24434197886647455 0.03351351351351351 0.02748799231508165
0 0.5710243243243243 0.27374159462055714 0.03609189189189189 0.026724303554274735
0 0.571454054054054 0.3000864553314121 0.03609189189189189 0.02596061479346782
0 0.5716702702702702 0.3287175792507205 0.03738108108108108 0.03130643611911624
0 0.5720999999999999 0.35735350624399614 0.03652162162162162 0.02596061479346782
0 0.5360081081081081 0.35696926032660903 0.03652162162162162 0.026724303554274735
0 0.6913297297297297 0.35582612872238234 0.03609189189189189 0.029015369836695483
0 0.6915459459459459 0.3844572526416907 0.035662162162162156 0.02825168107588857
0 0.6911162162162162 0.41195004803073965 0.034802702702702706 0.026724303554274735
0 0.6913297297297297 0.44058117195004803 0.034372972972972975 0.03054274735830932
0 0.6906864864864865 0.4692170989433237 0.03308378378378378 0.026724303554274735
0 0.6548081081081081 0.35888088376561 0.03695135135135135 0.024433237271853984
0 0.6550243243243243 0.38751200768491834 0.03652162162162162 0.03283381364073007
0 0.6550243243243243 0.41652737752161384 0.03652162162162162 0.025196926032660903
0 0.655454054054054 0.44516330451488956 0.035662162162162156 0.03207012487992315
0 0.6556675675675675 0.4734149855907781 0.03609189189189189 0.024433237271853984
0 0.5368675675675676 0.41805475504322764 0.035662162162162156 0.025196926032660903
0 0.5736027027027026 0.44516330451488956 0.03609189189189189 0.03054274735830932
0 0.5729594594594594 0.41576368876080694 0.034802702702702706 0.025196926032660903
0 0.5379405405405405 0.4459269932756964 0.034372972972972975 0.029015369836695483
0 0.5725297297297298 0.4737992315081653 0.034802702702702706 0.026724303554274735
0 0.5388 0.47265129682997115 0.03695135135135135 0.029015369836695483
0 0.4532972972972973 0.3061911623439001 0.03351351351351351 0.02596061479346782
0 0.4530810810810811 0.33292026897214216 0.03394324324324324 0.02748799231508165
0 0.4535108108108108 0.3600240153698367 0.034802702702702706 0.026724303554274735
0 0.4539405405405405 0.27603266090297796 0.031364864864864866 0.02825168107588857
0 0.4526513513513513 0.24778097982708933 0.03394324324324324 0.02825168107588857
0 0.4535108108108108 0.21914505283381364 0.035662162162162156 0.029015369836695483
0 0.4135513513513514 0.19089337175792506 0.040818918918918916 0.024433237271853984
0 0.41655945945945944 0.21876560999039388 0.034802702702702706 0.03130643611911624
0 0.41698918918918915 0.24968780019212297 0.035662162162162156 0.03054274735830932
0 0.4520081081081081 0.18975024015369837 0.032654054054054055 0.025196926032660903
0 0.4552297297297297 0.5451921229586936 0.035662162162162156 0.03207012487992315
0 0.45544594594594595 0.5127377521613833 0.037810810810810815 0.03130643611911624
0 0.4550162162162162 0.4787608069164265 0.03695135135135135 0.03665225744476465
0 0.45544594594594595 0.4482180595581172 0.03609189189189189 0.024433237271853984
0 0.4552297297297297 0.4203458213256484 0.035662162162162156 0.03130643611911624
0 0.4174189189189189 0.3901873198847262 0.03652162162162162 0.02748799231508165
0 0.4176351351351351 0.4195821325648415 0.03609189189189189 0.029779058597502402
0 0.4189243243243243 0.4802881844380404 0.03609189189189189 0.03054274735830932
0 0.4187081081081081 0.5142651296829971 0.03652162162162162 0.037415946205571565
0 0.4189243243243243 0.548626320845341 0.03695135135135135 0.03130643611911624
0 0.5388 0.5394668587896254 0.034372972972972975 0.02825168107588857
0 0.5733864864864865 0.5398463016330451 0.034802702702702706 0.02748799231508165
0 0.5736027027027026 0.566954851104707 0.03609189189189189 0.03130643611911624
0 0.5738162162162161 0.5948222862632084 0.035662162162162156 0.024433237271853984
0 0.5383702702702703 0.6226945244956773 0.03523243243243244 0.03130643611911624
0 0.5383702702702703 0.6517098943323727 0.03523243243243244 0.026724303554274735
0 0.5744621621621622 0.6513304514889529 0.037810810810810815 0.02748799231508165
0 0.5748918918918918 0.6788184438040346 0.03609189189189189 0.029015369836695483
0 0.5751054054054053 0.709361191162344 0.03652162162162162 0.03207012487992315
0 0.5748918918918918 0.7391402497598464 0.03695135135135135 0.02748799231508165
0 0.5757513513513514 0.7677713736791547 0.03867027027027027 0.029779058597502402
0 0.5763945945945945 0.7960230547550432 0.03738108108108108 0.026724303554274735
0 0.5392297297297297 0.7948799231508166 0.03695135135135135 0.029015369836695483
0 0.5383702702702703 0.5658069164265129 0.03351351351351351 0.029015369836695483
0 0.5379405405405405 0.5952065321805956 0.034372972972972975 0.029779058597502402
0 0.6567432432432432 0.5360278578290105 0.034802702702702706 0.029015369836695483
0 0.6919756756756756 0.5367915465898174 0.035662162162162156 0.02748799231508165
0 0.6913297297297297 0.5650432276657061 0.03609189189189189 0.029015369836695483
0 0.655454054054054 0.5654274735830932 0.035662162162162156 0.02825168107588857
0 0.6560972972972973 0.5925312199807877 0.03351351351351351 0.029015369836695483
0 0.6921891891891891 0.6215465898174831 0.03867027027027027 0.029015369836695483
0 0.6932648648648648 0.6494188280499519 0.03652162162162162 0.026724303554274735
0 0.6932648648648648 0.6780547550432277 0.03652162162162162 0.03054274735830932
0 0.5392297297297297 0.823895292987512 0.03609189189189189 0.029015369836695483
0 0.5748918918918918 0.8506195965417868 0.03523243243243244 0.024433237271853984
0 0.5759648648648649 0.823895292987512 0.035662162162162156 0.02596061479346782
0 0.6928351351351351 0.8498559077809799 0.03308378378378378 0.02596061479346782
0 0.6580324324324324 0.8227521613832853 0.03652162162162162 0.02825168107588857
0 0.6580324324324324 0.8479490874159462 0.034802702702702706 0.029779058597502402
0 0.694554054054054 0.792209414024976 0.035662162162162156 0.026724303554274735
0 0.6936945945945946 0.7651008645533142 0.03738108108108108 0.02748799231508165
0 0.6947675675675675 0.7357012487992315 0.037810810810810815 0.026724303554274735
0 0.656527027027027 0.6223102785782901 0.03609189189189189 0.02596061479346782
0 0.657172972972973 0.6520941402497599 0.035662162162162156 0.02748799231508165
0 0.6567432432432432 0.6799615754082613 0.03652162162162162 0.02825168107588857
0 0.6563135135135135 0.709361191162344 0.035662162162162156 0.03054274735830932
1 0.6567432432432432 0.7379923150816523 0.03394324324324324 0.025196926032660903
0 0.7749 0.7357012487992315 0.034802702702702706 0.025196926032660903
0 0.4176351351351351 0.2756484149855908 0.03523243243243244 0.029015369836695483
0 0.4174189189189189 0.3054274735830932 0.035662162162162156 0.03054274735830932
0 0.4178486486486486 0.3336839577329491 0.03652162162162162 0.02596061479346782
0 0.7721081081081081 0.2409077809798271 0.03523243243243244 0.026724303554274735
0 0.7727513513513513 0.2695437079731028 0.034802702702702706 0.03054274735830932
0 0.7731810810810811 0.299702209414025 0.035662162162162156 0.029779058597502402
0 0.7731810810810811 0.3279538904899135 0.03652162162162162 0.026724303554274735
0 0.8094891891891892 0.2981748318924111 0.03609189189189189 0.02825168107588857
0 0.8097027027027027 0.3245196926032661 0.03738108108108108 0.029015369836695483
0 0.7723216216216217 0.3542987512007685 0.035662162162162156 0.02748799231508165
0 0.7740405405405405 0.4127137367915466 0.034802702702702706 0.026724303554274735
0 0.8099189189189189 0.44020172910662825 0.03609189189189189 0.02825168107588857
0 0.8099189189189189 0.4680691642651297 0.03609189189189189 0.02748799231508165
0 0.773827027027027 0.4680691642651297 0.03609189189189189 0.02748799231508165
0 0.7753297297297297 0.5337367915465898 0.03394324324324324 0.029015369836695483
0 0.8105621621621621 0.5329731027857829 0.034802702702702706 0.02596061479346782
0 0.8105621621621621 0.5596974063400576 0.03652162162162162 0.03054274735830932
0 0.7742567567567568 0.590240153698367 0.03609189189189189 0.03054274735830932
0 0.7751162162162162 0.6188760806916427 0.037810810810810815 0.026724303554274735
0 0.8114216216216217 0.6200240153698368 0.034802702702702706 0.024433237271853984
0 0.941181081081081 0.2130355427473583 0.028786486486486487 0.02748799231508165
0 0.9407513513513514 0.23975984630163305 0.030505405405405406 0.02596061479346782
0 0.9416108108108108 0.26763208453410187 0.03222432432432432 0.029779058597502402
0 0.9420405405405405 0.29703170028818443 0.031364864864864866 0.029015369836695483
0 0.942254054054054 0.3264265129682997 0.0317945945945946 0.029779058597502402
0 0.9420405405405405 0.3542987512007685 0.03222432432432432 0.02596061479346782
0 0.8911243243243243 0.3520076849183477 0.037810810810810815 0.02596061479346782
0 0.8122810810810811 0.7360854947166187 0.035662162162162156 0.02596061479346782
0 0.8133567567567568 0.8490922190201728 0.037810810810810815 0.02748799231508165
0 0.7761891891891892 0.8490922190201728 0.03652162162162162 0.02748799231508165
0 0.8945621621621622 0.7028674351585014 0.03523243243243244 0.03130643611911624
0 0.9461216216216216 0.7616666666666666 0.0317945945945946 0.026724303554274735
0 0.9465513513513513 0.8490922190201728 0.032654054054054055 0.02596061479346782
0 0.8969243243243243 0.84947646493756 0.03652162162162162 0.026724303554274735
0 0.8934891891891892 0.5910038424591739 0.034802702702702706 0.02596061479346782
0 0.8937027027027027 0.5314457252641691 0.03695135135135135 0.024433237271853984
0 0.8911243243243243 0.46616234390009603 0.03609189189189189 0.025196926032660903
0 0.8924135135135135 0.41195004803073965 0.03351351351351351 0.025196926032660903
0 0.9437594594594594 0.44172910662824205 0.03222432432432432 0.026724303554274735
0 0.9431135135135135 0.46845341018251685 0.03351351351351351 0.026724303554274735
0 0.4160567567567568 0.1641402497598463 0.036829729729729734 0.02761287223823247
0 0.45144594594594595 0.1651585014409222 0.03165135135135135 0.02761287223823247