0 0.10788541666666666 0.11971296296296295 0.07291666666666667 0.05687962962962963
0 0.10974479166666667 0.18055555555555555 0.06919791666666668 0.06481481481481481
0 0.109375 0.24139814814814814 0.06994270833333333 0.05687962962962963
0 0.19828645833333333 0.17592592592592593 0.064734375 0.06084259259259259
0 0.19419791666666666 0.3015833333333333 0.07440625000000001 0.0661388888888889
0 0.11569791666666666 0.3029074074074074 0.08109895833333333 0.06349074074074074
0 0.11644270833333333 0.3624351851851852 0.07961458333333334 0.06084259259259259
0 0.193078125 0.41864814814814816 0.07366145833333333 0.051583333333333335
0 0.193453125 0.4755277777777778 0.07291666666666667 0.06216666666666667
0 0.193078125 0.5330648148148148 0.072171875 0.05555555555555555
0 0.19270833333333334 0.3617685185185185 0.07291666666666667 0.05687962962962963
0 0.12016145833333333 0.4206388888888889 0.07366145833333333 0.06349074074074074
0 0.12090624999999999 0.5337314814814814 0.072171875 0.059527777777777784
0 0.12128125000000001 0.5899444444444444 0.07440625000000001 0.05290740740740741
0 0.35081770833333337 0.059527777777777784 0.064734375 0.0661388888888889
0 0.4263385416666667 0.08730555555555557 0.061010416666666664 0.0661388888888889
0 0.42782812499999995 0.19179629629629627 0.06547395833333333 0.0661388888888889
0 0.4285729166666667 0.2929907407407408 0.06547395833333333 0.06746296296296296
0 0.4263385416666667 0.3551574074074074 0.06994270833333333 0.05687962962962963
0 0.35379687499999996 0.35648148148148145 0.07515104166666667 0.054231481481481485
0 0.42596875 0.41137962962962965 0.07068229166666667 0.0582037037037037
0 0.42559375 0.46891666666666665 0.07142708333333332 0.05687962962962963
0 0.35528125 0.46891666666666665 0.06919791666666668 0.05687962962962963
0 0.35751562499999995 0.5211666666666667 0.06770833333333333 0.05026851851851852
0 0.42671354166666664 0.5198425925925926 0.07068229166666667 0.05290740740740741
0 0.19456770833333334 0.7043611111111111 0.072171875 0.054231481481481485
0 0.19494270833333335 0.7605833333333333 0.07291666666666667 0.0582037037037037
0 0.122765625 0.8220925925925926 0.07142708333333332 0.06481481481481481
0 0.12239583333333333 0.7070092592592593 0.07068229166666667 0.059527777777777784
0 0.19568229166666665 0.8836018518518518 0.07142708333333332 0.06878703703703705
0 0.19568229166666665 0.9464259259259259 0.07142708333333332 0.05687962962962963
0 0.3567708333333333 0.6402129629629629 0.07068229166666667 0.05555555555555555
0 0.3567708333333333 0.6984166666666667 0.07068229166666667 0.06084259259259259
0 0.4281979166666667 0.7559537037037036 0.072171875 0.054231481481481485
0 0.42894270833333337 0.8134907407407408 0.07068229166666667 0.06084259259259259
0 0.42894270833333337 0.8783055555555556 0.07068229166666667 0.06878703703703705
0 0.4300572916666667 0.9404722222222223 0.068453125 0.05555555555555555
0 0.3597447916666667 0.9391574074074074 0.072171875 0.0582037037037037
0 0.359375 0.8783055555555556 0.07142708333333332 0.06349074074074074
0 0.3590052083333333 0.8161388888888889 0.072171875 0.06084259259259259
0 0.3567708333333333 0.7566111111111111 0.06770833333333333 0.0582037037037037
0 0.42782812499999995 0.6970925925925926 0.07440625000000001 0.06084259259259259
0 0.4281979166666667 0.6421944444444445 0.07366145833333333 0.04894444444444444
0 0.5907760416666666 0.2784351851851852 0.075890625 0.054231481481481485
0 0.5922604166666667 0.3373055555555556 0.07291666666666667 0.06349074074074074
0 0.5907760416666666 0.3915370370370371 0.07291666666666667 0.05290740740740741
0 0.5907760416666666 0.44907407407407407 0.07142708333333332 0.06216666666666667
0 0.5922604166666667 0.5072777777777778 0.07440625000000001 0.054231481481481485
0 0.5922604166666667 0.5648148148148148 0.07440625000000001 0.06084259259259259
0 0.591890625 0.6216944444444444 0.07366145833333333 0.05555555555555555
0 0.665921875 0.6798981481481481 0.07440625000000001 0.06084259259259259
0 0.6666666666666666 0.7361111111111112 0.07291666666666667 0.051583333333333335
0 0.666296875 0.7943148148148148 0.072171875 0.06481481481481481
0 0.6666666666666666 0.8630925925925926 0.07142708333333332 0.07275
0 0.5933802083333333 0.8644166666666667 0.07515104166666667 0.07010185185185185
0 0.5933802083333333 0.7969537037037038 0.07515104166666667 0.06481481481481481
0 0.5926354166666666 0.6772499999999999 0.07663541666666666 0.05555555555555555
0 0.59375 0.9279074074074074 0.075890625 0.06481481481481481
0 0.6674114583333334 0.9292314814814815 0.07142708333333332 0.06216666666666667
0 0.591890625 0.1712962962962963 0.072171875 0.051583333333333335
0 0.6603437499999999 0.17195370370370372 0.064734375 0.05026851851851852
0 0.6625729166666667 0.2235462962962963 0.072171875 0.06084259259259259
0 0.6636927083333333 0.27975925925925926 0.06994270833333333 0.05687962962962963
0 0.6640625 0.33862037037037035 0.07068229166666667 0.06084259259259259
0 0.6636927083333333 0.39417592592592593 0.07142708333333332 0.05026851851851852
0 0.6640625 0.4484166666666667 0.072171875 0.0582037037037037
0 0.6644322916666667 0.5059537037037036 0.07142708333333332 0.05687962962962963
0 0.6655520833333333 0.5628333333333333 0.07366145833333333 0.05687962962962963
0 0.6655520833333333 0.6190462962962964 0.07366145833333333 0.05555555555555555
0 0.8236614583333334 0.0793611111111111 0.06696354166666667 0.06878703703703705
0 0.9021562500000001 0.10846296296296297 0.06621875 0.06349074074074074
0 0.8232864583333334 0.18055555555555555 0.06770833333333333 0.06481481481481481
0 0.8270104166666666 0.2777777777777778 0.072171875 0.05555555555555555
0 0.8991822916666667 0.3306851851851852 0.072171875 0.0582037037037037
0 0.8277552083333333 0.3339907407407407 0.072171875 0.05687962962962963
0 0.8984375 0.38425925925925924 0.07515104166666667 0.05687962962962963
0 0.900296875 0.442462962962963 0.07142708333333332 0.059527777777777784
0 0.900671875 0.501324074074074 0.072171875 0.0582037037037037
0 0.900671875 0.557537037037037 0.07068229166666667 0.054231481481481485
0 0.8284947916666667 0.557537037037037 0.07366145833333333 0.054231481481481485
0 0.8284947916666667 0.5006574074074075 0.07366145833333333 0.059527777777777784
0 0.8273802083333333 0.4444444444444444 0.075890625 0.05290740740740741
0 0.8292395833333334 0.674601851851852 0.07068229166666667 0.05026851851851852
0 0.9014114583333334 0.730824074074074 0.07366145833333333 0.06216666666666667
0 0.9017864583333334 0.7910092592592592 0.07142708333333332 0.0582037037037037
0 0.8292395833333334 0.7890185185185185 0.07366145833333333 0.06216666666666667
0 0.8292395833333334 0.7288333333333333 0.07366145833333333 0.0582037037037037
0 0.9025312499999999 0.674601851851852 0.07291666666666667 0.05026851851851852
0 0.9036458333333334 0.9166666666666666 0.072171875 0.05555555555555555
0 0.9036458333333334 0.9722222222222222 0.072171875 0.05555555555555555
0 0.8318437500000001 0.9715648148148148 0.07142708333333332 0.054231481481481485
0 0.830359375 0.9173240740740741 0.068453125 0.054231481481481485
1 0.19559895833333335 0.11950925925925926 0.06722395833333333 0.0575925925925926
1 0.19802604166666665 0.2361388888888889 0.063984375 0.060472222222222226
1 0.12027604166666667 0.4766018518518519 0.07208333333333333 0.05471296296296296
1 0.19478645833333333 0.5881944444444445 0.07046354166666666 0.059037037037037034
1 0.19316666666666665 0.6429074074074075 0.073703125 0.05039814814814815
1 0.12027604166666667 0.6436296296296297 0.07208333333333333 0.0489537037037037
1 0.12148958333333333 0.7624166666666666 0.074515625 0.056157407407407406
1 0.19438541666666667 0.8171296296296297 0.07289583333333334 0.06191666666666667
1 0.350296875 0.15766666666666668 0.06722395833333333 0.06767592592592593
1 0.35191666666666666 0.26134259259259257 0.063984375 0.06767592592592593
1 0.122703125 0.8840833333333333 0.07208333333333333 0.060472222222222226
1 0.12189583333333333 0.9452777777777778 0.073703125 0.06191666666666667
1 0.3535364583333333 0.41180555555555554 0.073703125 0.05183333333333333
1 0.59125 0.22174074074074074 0.06965625 0.05471296296296296
1 0.5924635416666667 0.7350555555555556 0.07532291666666667 0.06191666666666667
1 0.901453125 0.21022222222222223 0.06803645833333333 0.06335185185185185
1 0.8273489583333333 0.3880462962962963 0.073703125 0.056157407407407406